18
  DEC
 H00           1.000000        1.000000        0.000000
 C01          -0.092000        1.000000        0.000000
 C02          -0.612000        1.000000        1.449110
 H03          -0.434000        1.885900       -0.538290
 H04          -0.434000        0.107970       -0.527860
 O05          -1.944000        1.158330        1.515870
 H06          -0.137000        1.831910        1.978800
 H07          -0.297000        0.066260        1.924820
 C08          -2.697000        1.162240        2.505040
 O09          -3.804000        1.706200        2.357330
 O0A          -2.343000        0.696970        3.584760
 C0B          -4.655000        2.191020        3.278300
 C0C          -5.955000        2.726970        2.652260
 H0D          -4.164000        3.017640        3.801540
 H0E          -4.918000        1.427850        4.016800
 H0F          -6.554000        3.225370        3.417670
 H0G          -5.739000        3.448550        1.862290
 H0H          -6.543000        1.907570        2.236010
